1 10
100 200
201 210
900 1000
972699 998031
95785 28995
73797 48439
26731 92869
35504 39884
73078 80732
60781 27781
81528 12110
98139 56007
92887 18390
19105 50809
78598 7366
54780 4120
56575 53203
37392 38156
22078 62505
75717 3376
92029 86713
23118 87647
85849 39982
67340 81781
21569 87032
87409 40485
2251 57293
98530 24961
43423 32909
11900 20067
26062 12696
12228 60527
54482 15964
2465 34266
50249 60385
19606 14635
65461 21466
88731 25483
96763 99961
93787 77987
72421 20435
98079 41216
28376 74846
6988 45692
54015 63742
50291 69541
81952 72226
83003 72194
42040 33461
23773 46047
52284 6791
25477 66208
74241 22643
79404 45486
11600 20984
76488 90509
99419 85082
54532 88858
20049 49418
13208 25420
78233 68797
89080 3613
1218 29625
52169 98408
56650 52319
79075 22295
99230 71429
35756 82524
44418 40295
22970 12668
68946 55809
95495 40663
77495 51361
40279 25911
41859 72350
66477 91200
10874 9789
12782 10313
20947 41571
95764 9532
38174 29253
34198 36061
41676 81946
59902 70185
61623 46273
32493 11207
40825 79806
5600 65005
77589 76529
24261 21753
70427 95850
87605 77841
28859 67232
1161 94739
64672 57737
89862 79544
63330 5708
97611 12202
21717 2881
28691 62754
8503 75838
30165 7642
33141 37120
28200 92916
11231 69679
43728 11105
16203 69341
51081 29825
76665 50270
95454 78091
11751 71254
76838 25644
27351 9395
56605 14410
91965 9951
77044 82744
2201 56401
70839 85791
88265 57378
25358 19581
16213 61656
42371 65062
6237 98525
61782 88286
18172 93001
33721 44119
95485 75372
34746 68960
6250 80173
57694 49060
56522 35051
69762 18520
66517 30532
69607 33303
6996 6731
33335 18937
73817 95708
9442 65800
17242 87360
8506 40663
88097 1502
83576 22226
87494 91254
22713 66345
30868 1153
73672 88876
30258 35241
3217 70853
27227 74353
65154 98662
84137 63359
19710 68467
13033 29518
78444 64947
71665 13813
18966 46665
49697 58346
67541 78482
59294 27077
90100 32386
34885 52551
96138 53831
34656 17886
23750 53818
58159 69466
98354 97623
24461 34043
26183 71551
85263 24917
80461 75317
56846 56213
50897 6117
26394 62879
49522 54076
73294 63465
18639 63486
6874 68976
43856 75863
89223 87767
5243 77025
76720 97866
28384 71678
51148 62415
12598 59093
8774 67177
53486 95957
90151 48194
40729 79199
9332 8094
84486 14830
51909 69783
91175 99699
19785 29639
13385 47574
88578 17050
2497 29874
39291 58691
82685 77288
41663 28169
74934 4671
36184 5925
90428 13348
63254 51143
54950 90886
42267 55838
87075 56811
48699 95457
76469 20788
6714 99357
80550 31477
13263 86424
90580 31443
56027 56596
62916 98520
9326 29046
18660 76793
6931 68158
75490 5826
40601 60909
39714 70701
60500 59765
89963 48750
32330 51527
19220 25441
56320 22686
24179 38627
15149 62315
31000 33352
75905 38229
7600 95973
54968 79930
22950 39524
68084 50234
34886 76227
26293 95808
54230 25633
36676 96007
27633 37587
63611 25723
22828 80454
15097 11491
8620 27752
70754 90956
91076 50830
52271 90750
34388 76301
52721 85025
17475 19625
19070 78697
9834 21522
29785 51526
75307 60553
73285 52234
32530 45019
57377 77675
50365 48578
34003 42651
14666 59429
38706 28275
72268 73698
37251 10629
87693 94843
14527 16166
1286 28973
14273 86725
43755 83604
50519 58680
23308 10390
25505 55320
22068 95330
77695 21805
55118 65126
96758 19291
75046 81316
25078 26931
12827 24025
36363 39769
33764 74301
22792 34254
46683 9201
96334 4335
48089 73897
80024 73553
43773 40872
42362 42468
30371 56062
66789 61723
83822 84978
19863 77450
77073 26140
91569 74388
62459 95808
29189 39636
47617 26492
94902 62607
10719 81983
7973 81813
23866 93006
3504 18481
47773 69650
7309 5927
4840 34527
81169 78730
74555 5214
1618 81692
92235 97953
98603 25649
43661 65823
48153 92557
17341 52595
63049 71063
72621 97422
28570 41004
21255 33516
93463 30504
45909 15665
24481 87511
40545 10186
19212 32958
45191 72740
29325 2746
39247 63097
39290 74674
69497 36390
66016 43214
69054 75387
90715 5998
43648 2122
72883 28548
29114 63888
43684 76261
56242 76743
80625 11340
23696 51827
51428 20318
96434 59896
79004 23798
68205 83511
86830 75636
65377 7625
82740 52782
46482 94199
40063 60414
91852 2348
15385 17168
9774 75714
83105 23259
88345 8192
56464 57626
50219 46880
20862 48449
66775 50212
34472 1431
85712 10077
79777 63793
40524 1873
53141 70280
98391 70545
61622 95143
51576 73797
75275 33174
26703 5002
95196 16084
91762 77148
27292 22878
63394 63733
43195 87740
34176 67441
82649 15688
74937 6397
46614 28634
73162 21497
66124 61420
14021 54975
51445 28476
27186 36395
35225 64322
57412 27167
11037 95165
26900 34251
23840 9182
10030 23980
72670 81452
24697 76055
1055 6145
73864 75543
17186 41209
17453 47513
75447 5673
62118 85844
76296 84991
30603 50929
36343 10887
13837 13464
76471 71559
78304 16607
80784 71357
81812 13612
23128 30515
58727 28126
62103 41912
94547 40189
18829 62542
58879 81031
55768 69527
64228 96584
17414 69355
65997 98197
72844 27652
72432 45987
90414 73290
71316 48105
37155 80077
75141 21480
86747 63836
93976 63197
35060 65324
99342 62033
31984 81352
34940 52275
38001 4875
55448 91351
26342 75173
37739 33914
20307 35160
74976 2572
71412 39254
31463 94932
44181 95249
98259 61587
79551 13405
24163 90601
56004 68149
14448 37963
97445 93177
43774 55387
90002 8763
45832 12263
47802 24583
14348 14864
3651 6420
79329 31039
57100 16312
33261 12399
30267 97219
40085 89451
73018 38710
55112 67666
51380 2957
51758 75669
41297 36547
33148 8724
92916 75873
22454 38778
64359 18040
46743 30051
86384 54554
48159 36627
50679 91368
72378 23279
98342 26447
76040 66269
24515 33739
86469 80492
90384 8173
15941 44223
73256 91044
97608 68291
54241 68176
73025 35815
78756 92233
10134 19380
7760 97941
83965 45906
57464 89565
88802 67133
59136 35756
64558 76524
23081 2001
69553 84408
90559 12869
92528 85540
14291 82035
65252 58947
33116 36840
34848 52161
63881 2138
15480 51108
65715 56938
32365 90003
74319 54044
28880 54250
11523 70401
34070 80970
4991 95828
90772 67894
10877 44286
7176 8528
52306 32009
98157 50520
34923 22246
96426 2169
16012 96736
14101 25584
59742 51768
63215 99783
97590 30649
6769 4398
41215 80688
10197 7294
34892 88749
31462 18148
15020 93990
41872 30426
21532 73441
72966 92323
93889 14592
46259 21253
34838 75668
62110 57896
35195 29948
81457 71368
19625 21968
70928 55922
4359 89656
83964 96484
52795 19877
13946 43235
54363 88159
63202 5544
90558 58152
42531 93330
53139 47299
27560 46852
53110 11825
54402 22146
35929 69259
73939 82728
14110 22555
56397 86232
52862 53393
47257 18467
19516 59193
42463 15913
13864 92483
22054 57614
58623 61810
19948 13847
78994 68415
24787 71813
62181 48830
97734 2703
78864 64776
61184 18200
15072 75645
11165 35614
3337 25910
30517 60522
67485 10374
9227 18957
24568 88922
70824 78708
73781 18818
84891 84382
5469 63765
48169 65270
46139 86394
40901 47206
86962 5517
61417 32339
85254 96958
22784 4696
23915 58551
98472 8878
80775 50847
82691 75190
82502 20438
4145 78208
54314 32025
20082 63447
25590 6388
70532 60221
10540 48209
24535 17112
29218 32198
71464 99510
93622 31342
79928 33201
33626 76906
79819 34699
25615 54894
5811 9929
33954 47392
38492 34048
47403 19764
15678 43806
42729 48553
36057 4197
92370 82507
33838 57716
5306 46804
88573 74277
80776 52702
69478 97958
3088 93684
89137 44981
90866 77734
39310 23599
4981 29276
55348 48522
21221 1810
22272 30956
90539 42854
18525 4389
35627 13645
78169 92044
60387 3829
49630 83214
5554 36100
35912 28988
31723 37578
61329 86784
57884 98572
48374 87826
55434 18670
92300 78356
24938 77760
68978 13878
84854 52180
59677 94779
56094 39314
4956 60248
21669 52601
56131 54249
23936 2530
70107 21479
88746 48466
25656 53360
56930 78031
22697 14423
71665 8574
95976 88727
82505 21527
20767 97741
82797 84457
23984 36149
17477 79119
85762 90559
50358 27192
55793 10792
54455 3588
74195 4329
54716 60550
19500 15070
4288 64094
70633 14316
3765 76234
6482 95945
78777 72119
30727 49371
59854 23670
54309 25685
32460 79841
85831 32633
73668 20379
22420 7444
72937 31334
51004 93229
45319 31547
33121 71097
71861 49622
87216 78413
19416 30965
49585 43642
10322 75337
91179 24879
21817 71098
93864 70902
22298 44521
93324 36437
73239 43010
62252 41176
23820 6285
78925 6959
39551 61534
79125 63685
70593 20910
11156 1673
15499 2836
98729 59452
85226 12621
99700 63881
12668 73664
53908 55728
29141 8617
83365 61335
12832 41053
48864 12768
63192 10616
56721 45363
75048 97327
92582 18906
19367 80123
7237 17260
44200 41284
93519 10431
92346 70944
16382 94673
80486 22072
35033 50745
68750 24852
72707 17350
74641 30591
73573 6982
67339 12279
89087 84075
33361 77585
38698 18855
18057 43303
88739 28273
42995 57413
71760 92589
28102 97724
95415 21500
36146 47996
38366 7912
73387 41903
71646 41710
44902 32850
89508 54694
41665 50780
40136 59144
32646 30652
29187 72816
89009 80341
22089 72348
89833 52920
22483 90951
32164 18289
4057 15906
55506 25010
22138 89230
95666 78059
19227 38105
81336 6269
16132 60192
41755 2073
37577 63671
91840 39978
76791 24740
1188 91038
86761 28092
32160 86706
97010 16405
54215 93350
92864 49132
56187 1351
42793 19290
78843 20892
82986 5778
13237 80825
48535 28804
7267 98962
31492 36399
48823 87570
69777 77529
7374 8712
12288 33470
92104 2855
73263 68272
22313 44760
71023 1461
35446 68473
19835 20183
84289 50300
25457 38911
78434 32650
55787 98984
77336 98651
49218 7764
86192 63634
12786 17590
19180 60694
65612 94224
30599 34365
23566 74167
55582 47732
15322 54162
16025 14950
13313 16737
84497 44939
50995 92840
84165 29281
17974 18919
85616 10405
20586 20816
88962 45549
92511 63368
14616 57230
88811 24426
53188 83078
41584 79629
14387 21031
33600 66426
70335 36947
67970 78182
12872 26084
81285 62910
47138 51417
39184 64338
97455 47490
62460 63884
88920 36079
14527 42630
4206 32368
58736 51515
31480 93255
54934 96069
78101 1891
87596 32853
74500 41253
42643 56455
80404 61038
94289 3597
68142 33785
5303 80305
35656 9806
20122 36137
40930 59766
52684 99687
23138 5354
32226 15135
43299 63954
60803 32454
12601 73021
22895 31121
3947 55419
70738 30499
53273 91809
98954 91503
42764 53394
5836 23824
78395 57760
32650 29388
6062 37658
61354 93542
48384 41810
34379 87802
77391 61526
82598 20887
36691 35204
86505 79362
72667 58409
64117 85997
78866 48535
53761 23401
70834 5819
44006 87322
55448 53007
85113 69033
72507 54815
12809 58562
17650 13619
83350 20856
29876 57306
47241 25648
84020 90077
33766 55263
39754 64565
57220 82483
95417 51490
68618 2796
23986 99763
21600 15554
68084 24071
45539 17644
56554 94181
20453 99025
49626 60545
71796 65968
10818 70339
89455 55992
63293 4356
84759 60388
90287 93971
67375 75185
36187 90115
9174 63167
46294 31355
23361 38436
75438 86161
27467 85948
41814 23273
86774 15429
21032 35013
93606 27729
27503 50392
29839 37813
79936 5640
65787 68116
8299 14828
91276 95758
70842 67837
89628 59447
70466 64660
40158 28912
31722 88178
5032 8660
72597 91618
97022 53220
88101 32987
9798 8666
63682 20192
98515 41857
13496 44736
14389 29385
6956 75108
13425 91355
86685 73792
6945 78154
17258 83808
48997 8004
13701 19413
34851 40888
3887 60385
42594 31217
57581 10724
6836 86331
83075 23887
46829 22577
26715 64916
83897 46713
85432 78191
45366 83460
71269 84346
47531 9275
21902 83138
83790 4401
60786 31002
63449 43870
69949 73337
81249 72880
70719 81178
22879 48539
25574 24175
85782 22736
71190 29225
81844 71590
28116 50626
8131 12960
88108 69160
35498 49441
28721 3756
98978 61401
13667 42027
65073 35130
52117 63030
40435 99816
59232 91375
67983 87822
7230 74786
37992 26254
70548 40229
97433 9246
52549 26895
77785 90191
13263 71830
85294 33356
85942 85471
57221 55873
8377 79881
11253 34775
88467 97501
37620 22501
94465 59394
7362 40115
76941 2657
67953 37428
9603 95259
89749 97003
34397 99719
5700 40014
16346 56535
48618 39225
83519 42497
21728 87773
52750 73370
7371 57828
23079 89404
38614 70777
29646 24076
29888 9783
91118 91645
56632 82178
90148 49360
75976 48544
92482 3665
1701 55831
3996 35676
1492 22755
63831 85565
14891 78793
79057 26653
85508 28900